#wvl              a              b              c           rmse
380.00009000 0.012130411635 6.044092888809 0.000000000000 0.000000000000
390.00000000 0.011819994034 5.738713820944 0.000000000000 0.000000000000
399.99997000 0.011436640845 5.372507355287 0.000000000000 0.000000000000
409.99991000 0.011045888036 5.011656717682 0.000000000372 0.000000000134
419.99997000 0.010684591726 4.689169326543 0.000000000038 0.000000000014
429.99982000 0.010366856396 4.414425767208 0.000000000007 0.000000000003
439.99985000 0.010092029206 4.183473770658 0.000000000003 0.000000000001
449.99985000 0.009847954004 3.983566542818 0.000000000001 0.000000000000
459.99997000 0.009615750267 3.797925177157 0.000000000000 0.000000000000
470.00000000 0.009391076920 3.622520473562 0.000000000000 0.000000000000
479.99991000 0.009176164249 3.458616510898 0.000000000000 0.000000000000
490.00012000 0.008988007223 3.318233004261 0.000000000000 0.000000000000
499.99988000 0.008832086122 3.204104291303 0.000000000000 0.000000000000
510.00000000 0.008701317095 3.109925921832 0.000000000000 0.000000000000
519.99988000 0.008603046505 3.040075751827 0.000000003052 0.000000001366
529.99982000 0.008529492560 2.988314478853 0.000000002261 0.000000001020
539.99994000 0.008475012227 2.950262125081 0.000000001795 0.000000000815
550.00018000 0.008435352488 2.922714703342 0.000000001511 0.000000000689
560.00018000 0.008400340987 2.898503291881 0.000000001294 0.000000000591
570.00006000 0.008365464876 2.874485611820 0.000000001104 0.000000000507
579.99988000 0.008321617608 2.844431650796 0.000000000900 0.000000000415
590.00012000 0.008269504782 2.808917667991 0.000000000701 0.000000000324
599.99988000 0.008210294471 2.768837598996 0.000000000522 0.000000000243
609.99982000 0.008146023301 2.725657748900 0.000000000373 0.000000000175
619.99994000 0.008078678227 2.680776792170 0.000000000258 0.000000000122
630.00012000 0.008011729257 2.636529099035 0.000000000176 0.000000000084
640.00031000 0.007952994195 2.598013326548 0.000000000124 0.000000000059
650.00018000 0.007902080489 2.564855744038 0.000000000090 0.000000000043
660.00006000 0.007854889291 2.534312610065 0.000000000066 0.000000000032
670.00012000 0.007820168394 2.511957335611 0.000000000052 0.000000000025
680.00000000 0.007794838895 2.495711249707 0.000000000044 0.000000000021
689.99994000 0.007779384021 2.485824539366 0.000000000039 0.000000000019
699.99988000 0.007773321991 2.481951926832 0.000000000037 0.000000000018
709.99969000 0.007770984609 2.480459541722 0.000000000037 0.000000000018
719.99988000 0.007771458265 2.480761928195 0.000000000037 0.000000000018
730.00012000 0.007772521040 2.481440480692 0.000000000037 0.000000000018
739.99988000 0.007775898287 2.483597375707 0.000000000038 0.000000000019
749.99963000 0.007771853545 2.481014292406 0.000000000037 0.000000000018
759.99976000 0.007769641310 2.479602067405 0.000000000036 0.000000000018
770.00000000 0.007762860018 2.475275595819 0.000000000034 0.000000000017
780.00012000 0.007746034876 2.464557452608 0.000000000031 0.000000000015
790.00000000 0.007722399010 2.449539945214 0.000000000026 0.000000000013
800.00006000 0.007693515013 2.431250246106 0.000000000021 0.000000000010
809.99994000 0.007651857370 2.404992821051 0.000000000015 0.000000000007
819.99976000 0.007594085449 2.368814274369 0.000000000009 0.000000000005
830.00018000 0.007517571317 2.321320819040 0.000000000005 0.000000000002
840.00006000 0.007417339816 2.259833306637 0.000000000002 0.000000000001
850.00000000 0.007300267153 2.189059468532 0.000000000000 0.000000000000
859.99982000 0.007177862505 2.116266334196 0.000000000000 0.000000000000
869.99994000 0.007031313740 2.030733843668 0.000000000000 0.000000000000
880.00006000 0.006890403608 1.950156102832 0.000000000000 0.000000000000
889.99994000 0.006757933742 1.875892349005 0.000000000000 0.000000000000
900.00000000 0.006630674800 1.805905610688 0.000000003504 0.000000001920
909.99994000 0.006511584948 1.741619051399 0.000000002206 0.000000001228
919.99957000 0.006403953082 1.684519832075 0.000000001419 0.000000000798
929.99982000 0.006306943934 1.633871327767 0.000000000929 0.000000000529
940.00024000 0.006220735712 1.589510696440 0.000000000626 0.000000000360
949.99976000 0.006145995027 1.551545049847 0.000000000436 0.000000000253
960.00006000 0.006080886677 1.518846272000 0.000000000315 0.000000000184
970.00000000 0.006024598587 1.490857873789 0.000000000234 0.000000000138
979.99976000 0.005976756204 1.467273597976 0.000000000180 0.000000000107
990.00006000 0.005936329979 1.447491741151 0.000000000144 0.000000000085
999.99969000 0.005902902876 1.431236180149 0.000000000119 0.000000000071
1009.99963000 0.005875252027 1.417858973253 0.000000000101 0.000000000060
1019.99988000 0.005852633960 1.406963277935 0.000000000088 0.000000000053
1030.00000000 0.005834912669 1.398455845699 0.000000000079 0.000000000047
1039.99976000 0.005820745522 1.391673202144 0.000000000072 0.000000000044
1050.00012000 0.005810079726 1.386577739636 0.000000000068 0.000000000041
1060.00000000 0.005801364797 1.382421219200 0.000000000064 0.000000000039
1069.99976000 0.005795378834 1.379569873247 0.000000000062 0.000000000037
1079.99988000 0.005793929416 1.378879901710 0.000000000061 0.000000000037
1089.99976000 0.005799508411 1.381536635570 0.000000000063 0.000000000038
1100.00037000 0.005809775230 1.386432407389 0.000000000067 0.000000000041
1109.99963000 0.005813676528 1.388295026208 0.000000000069 0.000000000042
1119.99988000 0.005804453237 1.383893513951 0.000000000065 0.000000000039
1130.00000000 0.005790481034 1.377239050593 0.000000000060 0.000000000036
1140.00012000 0.005773312626 1.369084309207 0.000000000053 0.000000000032
1149.99976000 0.005752345004 1.359157840728 0.000000000047 0.000000000028
1160.00000000 0.005727060398 1.347235665958 0.000000000040 0.000000000024
1169.99951000 0.005699509420 1.334304645572 0.000000000033 0.000000000020
1179.99988000 0.005669975416 1.320512143342 0.000000000027 0.000000000016
1190.00000000 0.005636254508 1.304851953483 0.000000000021 0.000000000013
1199.99988000 0.005601488015 1.288803989853 0.000000000016 0.000000000010
1210.00049000 0.005564646072 1.271906376965 0.000000000012 0.000000000008
1220.00049000 0.005524756710 1.253736781932 0.000000000009 0.000000000006
1229.99963000 0.005482020642 1.234415552185 0.000000000006 0.000000000004
1239.99963000 0.005436312488 1.213916676061 0.000000000004 0.000000000003
1250.00012000 0.005388523274 1.192668031669 0.000000000003 0.000000000002
1259.99963000 0.005336079425 1.169565699921 0.000000000002 0.000000000001
1269.99988000 0.005278306300 1.144377289335 0.000000000001 0.000000000001
1280.00012000 0.005217358559 1.118101993252 0.000000000000 0.000000000000
1289.99988000 0.005154904552 1.091493892063 0.000000000000 0.000000000000
1300.00049000 0.005089937765 1.064155263878 0.000000000000 0.000000000000
1310.00000000 0.005018811725 1.034622362139 0.000000000000 0.000000000000
1320.00024000 0.004937118333 1.001214489919 0.000000000000 0.000000000000
1330.00012000 0.004856376088 0.968732491697 0.000000002480 0.000000001638
1340.00000000 0.004781322739 0.939022255734 0.000000000835 0.000000000560
1350.00000000 0.004709392457 0.910981802076 0.000000000332 0.000000000225
1359.99927000 0.004637928644 0.883543812589 0.000000000235 0.000000000161
1369.99951000 0.004568019323 0.857108599812 0.000000000166 0.000000000114
1379.99976000 0.004498384094 0.831176154886 0.000000000115 0.000000000080
1389.99976000 0.004429915819 0.806066673736 0.000000000079 0.000000000056
1400.00000000 0.004363525917 0.782087146592 0.000000000054 0.000000000038
1409.99988000 0.004298051904 0.758793055449 0.000000000037 0.000000000026
1419.99988000 0.004233203092 0.736068530449 0.000000000024 0.000000000017
1429.99963000 0.004169815949 0.714190085983 0.000000000016 0.000000000012
1439.99988000 0.004107182676 0.692896051639 0.000000000010 0.000000000008
1449.99963000 0.004046090711 0.672436501246 0.000000000007 0.000000000005
1460.00037000 0.003986766671 0.652862447356 0.000000000004 0.000000000003
1470.00049000 0.003928699532 0.633983101011 0.000000000003 0.000000000002
1480.00024000 0.003871661148 0.615707909939 0.000000000002 0.000000000001
1489.99988000 0.003816383359 0.598251835383 0.000000000001 0.000000000001
1500.00000000 0.003763025186 0.581640049830 0.000000000001 0.000000000000
1509.99988000 0.003711474535 0.565813132678 0.000000000000 0.000000000000
1520.00000000 0.003660726614 0.550445906578 0.000000000000 0.000000000000
1529.99939000 0.003611522483 0.535748173493 0.000000000000 0.000000000000
1539.99988000 0.003564348294 0.521843554159 0.000000000000 0.000000000000
1549.99963000 0.003518196243 0.508417129636 0.000000000000 0.000000000000
1560.00024000 0.003473684206 0.495633578546 0.000000000000 0.000000000000
1570.00000000 0.003430489767 0.483378172501 0.000000005823 0.000000004447
1580.00000000 0.003388650401 0.471660765328 0.000000004081 0.000000003132
1590.00049000 0.003348105404 0.460442668661 0.000000002808 0.000000002166
1600.00012000 0.003308993119 0.449748651538 0.000000001895 0.000000001469
1610.00012000 0.003271236981 0.439544411981 0.000000001250 0.000000000974
1620.00085000 0.003234759504 0.429796804474 0.000000000803 0.000000000629
1629.99988000 0.003199573997 0.420497883522 0.000000000500 0.000000000393
1640.00000000 0.003165136838 0.411495124579 0.000000000297 0.000000000234
1650.00012000 0.003132132774 0.402958371617 0.000000000168 0.000000000134
1659.99988000 0.003100325482 0.394815800802 0.000000000090 0.000000000072
1670.00037000 0.003069957673 0.387119256681 0.000000000044 0.000000000036
1679.99988000 0.003040213092 0.379654088358 0.000000000019 0.000000000016
1689.99976000 0.003011421816 0.372497386780 0.000000000009 0.000000000007
1700.00012000 0.002983808452 0.365697446313 0.000000000007 0.000000000006
1709.99988000 0.002957012901 0.359158780969 0.000000000006 0.000000000005
1720.00037000 0.002931105671 0.352892967530 0.000000000005 0.000000000004
1730.00000000 0.002905773414 0.346819530893 0.000000000004 0.000000000003
1740.00073000 0.002881141448 0.340964541395 0.000000000003 0.000000000003
1749.99976000 0.002857693296 0.335437251158 0.000000000003 0.000000000002
1760.00000000 0.002835021889 0.330136006517 0.000000000002 0.000000000002
1769.99976000 0.002813193613 0.325071809449 0.000000000002 0.000000000002
1780.00000000 0.002791800734 0.320146604248 0.000000000002 0.000000000001
1790.00049000 0.002770854968 0.315360762597 0.000000000001 0.000000000001
1800.00024000 0.002751023756 0.310862798640 0.000000000001 0.000000000001
1810.00049000 0.002731812868 0.306536339702 0.000000000001 0.000000000001
1820.00024000 0.002713201316 0.302373770958 0.000000000001 0.000000000001
1830.00024000 0.002695109137 0.298354638936 0.000000000001 0.000000000001
1840.00037000 0.002677799712 0.294534564121 0.000000000001 0.000000000001
1850.00024000 0.002660829195 0.290813179951 0.000000000001 0.000000000001
1859.99988000 0.002644284591 0.287207968444 0.000000000001 0.000000000000
1869.99963000 0.002628682872 0.283828821215 0.000000000000 0.000000000000
1880.00012000 0.002613337682 0.280524741505 0.000000000000 0.000000000000
1890.00024000 0.002598608225 0.277371435783 0.000000000000 0.000000000000
1900.00024000 0.002584758672 0.274422760151 0.000000000000 0.000000000000
1909.99963000 0.002571144565 0.271539570990 0.000000000000 0.000000000000
1919.99963000 0.002557715591 0.268710506700 0.000000000000 0.000000000000
1930.00049000 0.002544450762 0.265930567152 0.000000000000 0.000000000000
1939.99988000 0.002531452489 0.263220513138 0.000000000000 0.000000000000
1949.99976000 0.002518929844 0.260622752428 0.000000000000 0.000000000000
1960.00012000 0.002507064292 0.258173190168 0.000000000000 0.000000000000
1969.99927000 0.002495461430 0.255789044163 0.000000000000 0.000000000000
1979.99976000 0.002484195914 0.253484798622 0.000000000000 0.000000000000
1989.99939000 0.002473201550 0.251246068049 0.000000000000 0.000000000000
1999.99988000 0.002464894004 0.249561035833 0.000000000000 0.000000000000
2010.00024000 0.002458869138 0.248342560292 0.000000000000 0.000000000000
2019.99976000 0.002448886145 0.246330131828 0.000000000000 0.000000000000
2029.99939000 0.002439169942 0.244379347650 0.000000000000 0.000000000000
2040.00012000 0.002430710325 0.242687178402 0.000000000000 0.000000000000
2050.00073000 0.002422560909 0.241046512052 0.000000011241 0.000000009780
2060.00000000 0.002414168259 0.239379871364 0.000000010714 0.000000009328
2070.00000000 0.002405518482 0.237668198179 0.000000010192 0.000000008881
2080.00000000 0.002396888512 0.235966545283 0.000000009692 0.000000008451
2089.99951000 0.002389041690 0.234424608531 0.000000009254 0.000000008076
2099.99951000 0.002381679126 0.232982415643 0.000000008860 0.000000007736
2110.00049000 0.002374597152 0.231599376202 0.000000008493 0.000000007421
2119.99976000 0.002367500796 0.230217646270 0.000000008137 0.000000007115
2129.99976000 0.002360854539 0.228927299315 0.000000007815 0.000000006838
2139.99951000 0.002354405328 0.227678666752 0.000000007514 0.000000006577
2149.99951000 0.002348089330 0.226459130673 0.000000007228 0.000000006330
2159.99902000 0.002342016251 0.225289582899 0.000000006961 0.000000006100
2169.99951000 0.002336068554 0.224147112723 0.000000006707 0.000000005880
2179.99902000 0.002330573541 0.223094180269 0.000000006480 0.000000005684
2190.00024000 0.002325362294 0.222097914691 0.000000006269 0.000000005502
2199.99951000 0.002319940611 0.221063775204 0.000000006058 0.000000005318
2209.99951000 0.002314784285 0.220082493735 0.000000005860 0.000000005148
2219.99927000 0.002310302490 0.219231368519 0.000000005694 0.000000005003
2229.99927000 0.002305747531 0.218368035146 0.000000005528 0.000000004860
2240.00049000 0.002301412429 0.217547960573 0.000000005375 0.000000004727
2250.00000000 0.002297262001 0.216764274579 0.000000005232 0.000000004602
2259.99927000 0.002292959525 0.215953365332 0.000000005086 0.000000004475
2270.00000000 0.002288615563 0.215136176459 0.000000004941 0.000000004350
2280.00073000 0.002284521158 0.214367362188 0.000000004809 0.000000004236
2290.00098000 0.002280659680 0.213643558469 0.000000004687 0.000000004129
2300.00098000 0.002276787644 0.212919004120 0.000000004567 0.000000004025
2309.99927000 0.002272981082 0.212207905336 0.000000004452 0.000000003924
2320.00073000 0.002269724314 0.211600492686 0.000000004354 0.000000003839
2329.99951000 0.002266582496 0.211015355690 0.000000004262 0.000000003759
2339.99951000 0.002263613679 0.210463194453 0.000000004177 0.000000003685
2349.99927000 0.002260568953 0.209897662975 0.000000004090 0.000000003610
2360.00024000 0.002257915661 0.209405493005 0.000000004016 0.000000003546
2369.99976000 0.002255516665 0.208961018361 0.000000003951 0.000000003488
2379.99951000 0.002253146429 0.208522345651 0.000000003886 0.000000003432
2390.00000000 0.002251071480 0.208138743990 0.000000003831 0.000000003384
2400.00049000 0.002248953139 0.207747485100 0.000000003774 0.000000003335
2410.00049000 0.002246708249 0.207333237193 0.000000003716 0.000000003284
2420.00024000 0.002244529502 0.206931603372 0.000000003661 0.000000003235
2430.00049000 0.002242512256 0.206560119971 0.000000003609 0.000000003190
2440.00098000 0.002240859703 0.206256118652 0.000000003567 0.000000003154
2450.00098000 0.002239433056 0.205993916282 0.000000003532 0.000000003123
2460.00146000 0.002237894990 0.205711399348 0.000000003494 0.000000003089
2470.00000000 0.002236345143 0.205426917113 0.000000003456 0.000000003056
2480.00024000 0.002234946789 0.205170461269 0.000000003421 0.000000003026
2489.99976000 0.002233716049 0.204944940013 0.000000003391 0.000000003001
2499.99951000 0.002232491133 0.204720638656 0.000000003363 0.000000002975
