#wvl              a              b              c           rmse
380.00009000 0.008277247991 2.859474636767 0.000000000994 0.000000000457
390.00000000 0.008065433029 2.714999388376 0.000000000341 0.000000000161
399.99997000 0.007803850058 2.541746354876 0.000000000071 0.000000000034
409.99991000 0.007537217921 2.371027143322 0.000000000009 0.000000000005
419.99997000 0.007290685525 2.218457505102 0.000000000001 0.000000000000
429.99982000 0.007073877205 2.088475648099 0.000000000000 0.000000000000
439.99985000 0.006886347473 1.979211691664 0.000000000000 0.000000000000
449.99985000 0.006719801517 1.884635092019 0.000000000000 0.000000000000
459.99997000 0.006561355755 1.796805693416 0.000000003270 0.000000001797
470.00000000 0.006408048917 1.713822197188 0.000000001777 0.000000000994
479.99991000 0.006261402254 1.636279342422 0.000000000945 0.000000000537
490.00012000 0.006133012398 1.569863828110 0.000000000519 0.000000000299
499.99988000 0.006026618865 1.515869390818 0.000000000304 0.000000000177
510.00000000 0.005937387967 1.471313448372 0.000000000188 0.000000000111
519.99988000 0.005870332751 1.438267930823 0.000000000129 0.000000000076
529.99982000 0.005820142791 1.413779381767 0.000000000095 0.000000000057
539.99994000 0.005782967829 1.395776622726 0.000000000076 0.000000000046
550.00018000 0.005755905785 1.382743810202 0.000000000064 0.000000000039
560.00018000 0.005732015496 1.371289286655 0.000000000055 0.000000000033
570.00006000 0.005708217591 1.359926423211 0.000000000047 0.000000000028
579.99988000 0.005678298172 1.345707777358 0.000000000038 0.000000000023
590.00012000 0.005642738706 1.328905982690 0.000000000030 0.000000000018
599.99988000 0.005602336237 1.309943965495 0.000000000023 0.000000000014
609.99982000 0.005558480468 1.289515440762 0.000000000016 0.000000000010
619.99994000 0.005512527207 1.268282125426 0.000000000011 0.000000000007
630.00012000 0.005466844231 1.247348415472 0.000000000008 0.000000000005
640.00031000 0.005426766059 1.229126497711 0.000000000006 0.000000000004
650.00018000 0.005392024830 1.213439556731 0.000000000004 0.000000000003
660.00006000 0.005359823675 1.198989519961 0.000000000003 0.000000000002
670.00012000 0.005336131693 1.188413181752 0.000000000002 0.000000000002
680.00000000 0.005318847980 1.180727116873 0.000000000002 0.000000000001
689.99994000 0.005306355564 1.175187265963 0.000000000002 0.000000000001
699.99988000 0.005299488378 1.172147512246 0.000000000002 0.000000000001
709.99969000 0.005295224769 1.170262210304 0.000000000002 0.000000000001
719.99988000 0.005292969292 1.169265486713 0.000000000002 0.000000000001
730.00012000 0.005291175183 1.168472950927 0.000000000002 0.000000000001
739.99988000 0.005291009568 1.168399804901 0.000000000002 0.000000000001
749.99963000 0.005285876957 1.166134062329 0.000000000001 0.000000000001
759.99976000 0.005282053473 1.164447650579 0.000000000001 0.000000000001
770.00000000 0.005275184959 1.161421242575 0.000000000001 0.000000000001
780.00012000 0.005261546376 1.155423476304 0.000000000001 0.000000000001
790.00000000 0.005243345825 1.147443703846 0.000000000001 0.000000000001
800.00006000 0.005221650472 1.137967810209 0.000000000001 0.000000000000
809.99994000 0.005191356777 1.124802145393 0.000000000001 0.000000000000
819.99976000 0.005150208097 1.107041589973 0.000000000000 0.000000000000
830.00018000 0.005096428492 1.084042358555 0.000000000000 0.000000000000
840.00006000 0.005026657518 1.054564081512 0.000000000000 0.000000000000
850.00000000 0.004945569799 1.020815025149 0.000000000000 0.000000000000
859.99982000 0.004860968651 0.986185677592 0.000000004153 0.000000002725
869.99994000 0.004760118794 0.945691728515 0.000000001094 0.000000000730
880.00006000 0.004663187928 0.907569940102 0.000000000316 0.000000000215
889.99994000 0.004572058559 0.872444627752 0.000000000202 0.000000000139
900.00000000 0.004484539728 0.839363502732 0.000000000129 0.000000000089
909.99994000 0.004402628164 0.808981074787 0.000000000082 0.000000000057
919.99957000 0.004328539563 0.781982692109 0.000000000054 0.000000000038
929.99982000 0.004261707867 0.758021838733 0.000000000036 0.000000000026
940.00024000 0.004202244016 0.737015981158 0.000000000025 0.000000000018
949.99976000 0.004150568365 0.719001036905 0.000000000018 0.000000000013
960.00006000 0.004105448351 0.703453769563 0.000000000013 0.000000000009
970.00000000 0.004066334495 0.690113587809 0.000000000010 0.000000000007
979.99976000 0.004032972708 0.678836122663 0.000000000008 0.000000000006
990.00006000 0.004004636184 0.669330342477 0.000000000006 0.000000000005
999.99969000 0.003981054759 0.661470807080 0.000000000005 0.000000000004
1009.99963000 0.003961418092 0.654961453618 0.000000000004 0.000000000003
1019.99988000 0.003945185893 0.649604946366 0.000000000004 0.000000000003
1030.00000000 0.003933031634 0.645608529177 0.000000000004 0.000000000003
1039.99976000 0.003923927731 0.642623170973 0.000000000003 0.000000000002
1050.00012000 0.003917152658 0.640405974037 0.000000000003 0.000000000002
1060.00000000 0.003911689667 0.638620957064 0.000000000003 0.000000000002
1069.99976000 0.003908070504 0.637439777526 0.000000000003 0.000000000002
1079.99988000 0.003907489210 0.637250163585 0.000000000003 0.000000000002
1089.99976000 0.003911662322 0.638612028384 0.000000000003 0.000000000002
1100.00037000 0.003918970855 0.641000617544 0.000000000003 0.000000000002
1109.99963000 0.003921992781 0.641989552197 0.000000000003 0.000000000002
1119.99988000 0.003916140237 0.640074980303 0.000000000003 0.000000000002
1130.00000000 0.003907072811 0.637114354293 0.000000000003 0.000000000002
1140.00012000 0.003895858773 0.633462325859 0.000000000003 0.000000000002
1149.99976000 0.003882063035 0.628983925790 0.000000000002 0.000000000002
1160.00000000 0.003865358313 0.623582470441 0.000000000002 0.000000000001
1169.99951000 0.003847086929 0.617701108693 0.000000000002 0.000000000001
1179.99988000 0.003827491783 0.611424610375 0.000000000001 0.000000000001
1190.00000000 0.003805053611 0.604276829515 0.000000000001 0.000000000001
1199.99988000 0.003781909867 0.596948314613 0.000000000001 0.000000000001
1210.00049000 0.003757332854 0.589214901616 0.000000000001 0.000000000001
1220.00049000 0.003730711981 0.580895250720 0.000000000001 0.000000000000
1229.99963000 0.003702158644 0.572037410956 0.000000000000 0.000000000000
1239.99963000 0.003671567743 0.562622988952 0.000000000000 0.000000000000
1250.00012000 0.003639587528 0.552864518215 0.000000000000 0.000000000000
1259.99963000 0.003604439097 0.542237770675 0.000000000000 0.000000000000
1269.99988000 0.003565680272 0.530639015826 0.000000000000 0.000000000000
1280.00012000 0.003524768388 0.518531986953 0.000000000000 0.000000000000
1289.99988000 0.003482839206 0.506268879092 0.000000000000 0.000000000000
1300.00049000 0.003439188872 0.493658291971 0.000000000000 0.000000000000
1310.00000000 0.003391374419 0.480021871481 0.000000005243 0.000000004009
1320.00024000 0.003336405459 0.464588989248 0.000000003216 0.000000002477
1330.00012000 0.003282064598 0.449579735833 0.000000001871 0.000000001451
1340.00000000 0.003231568426 0.435852928247 0.000000001057 0.000000000825
1350.00000000 0.003183166948 0.422895035224 0.000000000564 0.000000000443
1359.99927000 0.003135071484 0.410212566504 0.000000000272 0.000000000215
1369.99951000 0.003087922686 0.397967015414 0.000000000115 0.000000000092
1379.99976000 0.003040828143 0.385920709319 0.000000000039 0.000000000031
1389.99976000 0.002994507735 0.374252963691 0.000000000009 0.000000000008
1400.00000000 0.002949609540 0.363114366396 0.000000000007 0.000000000005
1409.99988000 0.002905316154 0.352290695507 0.000000000005 0.000000000004
1419.99988000 0.002861462048 0.341735705356 0.000000000004 0.000000000003
1429.99963000 0.002818582798 0.331570567370 0.000000000003 0.000000000002
1439.99988000 0.002776227793 0.321680381115 0.000000000002 0.000000000002
1449.99963000 0.002734902013 0.312174857344 0.000000000001 0.000000000001
1460.00037000 0.002694786454 0.303084057070 0.000000000001 0.000000000001
1470.00049000 0.002655507430 0.294312984791 0.000000000001 0.000000000001
1480.00024000 0.002616938950 0.285825889651 0.000000000000 0.000000000000
1489.99988000 0.002579547544 0.277716354395 0.000000000000 0.000000000000
1500.00000000 0.002543468339 0.270002045229 0.000000000000 0.000000000000
1509.99988000 0.002508598205 0.262649511067 0.000000000000 0.000000000000
1520.00000000 0.002474281969 0.255512860081 0.000000000000 0.000000000000
1529.99939000 0.002441002678 0.248685746645 0.000000000000 0.000000000000
1539.99988000 0.002409097198 0.242210647550 0.000000011532 0.000000010028
1549.99963000 0.002377887505 0.235977798193 0.000000009623 0.000000008390
1560.00024000 0.002347779475 0.230041704991 0.000000008031 0.000000007023
1570.00000000 0.002318575687 0.224355917944 0.000000006702 0.000000005875
1580.00000000 0.002290275391 0.218913732202 0.000000005590 0.000000004913
1590.00049000 0.002262858974 0.213705080544 0.000000004662 0.000000004107
1600.00012000 0.002236407130 0.208738991458 0.000000003889 0.000000003434
1610.00012000 0.002210869711 0.203999854253 0.000000003245 0.000000002871
1620.00085000 0.002186206934 0.199474587377 0.000000002708 0.000000002402
1629.99988000 0.002162407162 0.195155712240 0.000000002261 0.000000002009
1640.00000000 0.002139104058 0.190972694526 0.000000001883 0.000000001677
1650.00012000 0.002116539700 0.186965410502 0.000000001568 0.000000001399
1659.99988000 0.002094787624 0.183142555555 0.000000001306 0.000000001167
1670.00037000 0.002074026700 0.179530679594 0.000000001090 0.000000000976
1679.99988000 0.002053684655 0.176026532724 0.000000000907 0.000000000813
1689.99976000 0.002033994747 0.172667585563 0.000000000755 0.000000000678
1700.00012000 0.002015115833 0.169477347574 0.000000000628 0.000000000565
1709.99988000 0.001996786568 0.166408430016 0.000000000523 0.000000000471
1720.00037000 0.001979066955 0.163468226832 0.000000000435 0.000000000392
1730.00000000 0.001961746345 0.160619542005 0.000000000361 0.000000000326
1740.00073000 0.001944897262 0.157872421320 0.000000000299 0.000000000270
1749.99976000 0.001928857013 0.155279180631 0.000000000248 0.000000000224
1760.00000000 0.001913349722 0.152792510651 0.000000000206 0.000000000186
1769.99976000 0.001898410349 0.150415884429 0.000000000170 0.000000000155
1780.00000000 0.001883773375 0.148105425122 0.000000000141 0.000000000128
1790.00049000 0.001869446968 0.145861300576 0.000000000116 0.000000000105
1800.00024000 0.001855870646 0.143750476455 0.000000000096 0.000000000087
1810.00049000 0.001842719404 0.141720409034 0.000000000079 0.000000000072
1820.00024000 0.001829983420 0.139768198843 0.000000000065 0.000000000059
1830.00024000 0.001817594120 0.137882118279 0.000000000053 0.000000000049
1840.00037000 0.001805737077 0.136089062080 0.000000000044 0.000000000040
1850.00024000 0.001794121004 0.134343823868 0.000000000036 0.000000000033
1859.99988000 0.001782789391 0.132652175211 0.000000000029 0.000000000027
1869.99963000 0.001772095980 0.131065629854 0.000000000024 0.000000000022
1880.00012000 0.001761584076 0.129515316378 0.000000000019 0.000000000018
1890.00024000 0.001751490836 0.128035427698 0.000000000016 0.000000000014
1900.00024000 0.001741989477 0.126650091776 0.000000000013 0.000000000012
1909.99963000 0.001732650866 0.125295828106 0.000000000010 0.000000000010
1919.99963000 0.001723447491 0.123968298110 0.000000000008 0.000000000008
1930.00049000 0.001714351017 0.122663135238 0.000000000007 0.000000000006
1939.99988000 0.001705436478 0.121390777729 0.000000000005 0.000000000005
1949.99976000 0.001696848867 0.120171355750 0.000000000004 0.000000000004
1960.00012000 0.001688709214 0.119021226271 0.000000000003 0.000000000003
1969.99927000 0.001680743635 0.117901048198 0.000000000003 0.000000000002
1979.99976000 0.001673008078 0.116818287588 0.000000000002 0.000000000002
1989.99939000 0.001665462718 0.115766962134 0.000000000002 0.000000000001
1999.99988000 0.001659728456 0.114971170211 0.000000000001 0.000000000001
2010.00024000 0.001655529288 0.114390167122 0.000000000001 0.000000000001
2019.99976000 0.001648667421 0.113443896446 0.000000000001 0.000000000001
2029.99939000 0.001641992779 0.112527217051 0.000000000001 0.000000000001
2040.00012000 0.001636164867 0.111729872482 0.000000000000 0.000000000000
2050.00073000 0.001630543398 0.110963461442 0.000000000000 0.000000000000
2060.00000000 0.001624739162 0.110174899509 0.000000000000 0.000000000000
2070.00000000 0.001618764372 0.109366102557 0.000000000000 0.000000000000
2080.00000000 0.001612805385 0.108562413497 0.000000000000 0.000000000000
2089.99951000 0.001607375754 0.107832705409 0.000000000000 0.000000000000
2099.99951000 0.001602274220 0.107149338588 0.000000000000 0.000000000000
2110.00049000 0.001597363656 0.106493608646 0.000000000000 0.000000000000
2119.99976000 0.001592445576 0.105838893327 0.000000000000 0.000000000000
2129.99976000 0.001587832348 0.105226602539 0.000000000000 0.000000000000
2139.99951000 0.001583353684 0.104633875012 0.000000000000 0.000000000000
2149.99951000 0.001578966597 0.104054893760 0.000000000000 0.000000000000
2159.99902000 0.001574744549 0.103494530599 0.000000001955 0.000000002241
2169.99951000 0.001570609028 0.102953026876 0.000000001392 0.000000001596
2179.99902000 0.001566779681 0.102452692214 0.000000000958 0.000000001099
2190.00024000 0.001563142862 0.101978475828 0.000000000622 0.000000000713
2199.99951000 0.001559366320 0.101487021618 0.000000000350 0.000000000402
2209.99951000 0.001555769847 0.101019942701 0.000000000164 0.000000000189
2219.99927000 0.001552628364 0.100612720016 0.000000000059 0.000000000068
2229.99927000 0.001549439294 0.100200042058 0.000000000006 0.000000000007
2240.00049000 0.001546399523 0.099807362886 0.000000000006 0.000000000007
2250.00000000 0.001543485354 0.099431532847 0.000000000051 0.000000000058
2259.99927000 0.001540470539 0.099043703225 0.000000000000 0.000000000000
2270.00000000 0.001537429301 0.098652422923 0.000000000283 0.000000000326
2280.00073000 0.001534557185 0.098283848058 0.000000000459 0.000000000528
2290.00098000 0.001531843008 0.097937272346 0.000000000184 0.000000000212
2300.00098000 0.001529123001 0.097588119015 0.000000000903 0.000000001040
2309.99927000 0.001526448394 0.097246472052 0.000000001175 0.000000001353
2320.00073000 0.001524144331 0.096952601216 0.000000001437 0.000000001655
2329.99951000 0.001521904396 0.096667284140 0.000000001716 0.000000001976
2339.99951000 0.001519693407 0.096386011162 0.000000002016 0.000000002321
2349.99927000 0.001517434056 0.096104777858 0.000000000000 0.000000000000
2360.00024000 0.001515392938 0.095846584059 0.000000000000 0.000000000000
2369.99976000 0.001513471223 0.095603834577 0.000000000000 0.000000000000
2379.99951000 0.001511571883 0.095364223170 0.000000000000 0.000000000000
2390.00000000 0.001509873645 0.095150277486 0.000000000000 0.000000000000
2400.00049000 0.001508149232 0.094933281001 0.000000000000 0.000000000000
2410.00049000 0.001506342874 0.094706226121 0.000000000000 0.000000000000
2420.00024000 0.001504583756 0.094485384446 0.000000000000 0.000000000000
2430.00049000 0.001502935729 0.094278752277 0.000000000000 0.000000000000
2440.00098000 0.001501534851 0.094103353253 0.000000000000 0.000000000000
2450.00098000 0.001500287967 0.093947427818 0.000000000000 0.000000000000
2460.00146000 0.001498980467 0.093784046005 0.000000000000 0.000000000000
2470.00000000 0.001497772015 0.093633195062 0.000000000000 0.000000000000
2480.00024000 0.001496666483 0.093495344223 0.000000000000 0.000000000000
2489.99976000 0.001495674617 0.093371810184 0.000000000000 0.000000000000
2499.99951000 0.001494688041 0.093249046542 0.000000000000 0.000000000000
