376.85999999999996
381.87
386.88
391.89000000000004
396.89000000000004
401.9
406.90999999999997
411.92
416.93
421.94
426.95
431.96000000000004
436.96000000000004
441.96999999999997
446.97999999999996
451.99
457.0
462.01
467.02
472.02
477.03000000000003
482.04
487.04999999999995
492.06
497.07
502.08
507.09000000000003
512.09
517.1
522.11
527.12
532.13
537.14
542.15
547.15
552.16
557.1700000000001
562.1800000000001
567.1899999999999
572.2
577.21
582.2199999999999
587.2199999999999
592.23
597.24
602.25
607.26
612.27
617.2800000000001
622.2800000000001
627.29
632.3
637.3100000000001
642.32
647.3299999999999
652.34
657.35
662.35
667.3599999999999
672.37
677.38
682.3900000000001
687.4
692.41
697.41
702.4200000000001
707.43
712.4399999999999
717.45
722.46
727.4699999999999
732.48
737.48
742.49
747.5
752.51
757.52
762.5300000000001
767.54
772.54
777.55
782.5600000000001
787.5699999999999
792.5799999999999
797.59
802.6
807.61
812.61
817.62
822.63
827.64
832.65
837.66
842.6700000000001
847.6700000000001
852.68
857.6899999999999
862.7
867.71
872.72
877.73
882.74
887.74
892.75
897.76
902.77
907.7800000000001
912.79
917.8
922.8100000000001
927.8100000000001
932.8199999999999
937.83
942.84
947.85
952.86
957.87
962.87
967.88
972.89
977.9
982.91
987.9200000000001
992.93
997.94
1002.9399999999999
1007.9499999999999
1012.96
1017.97
1022.98
1027.99
1033.0
1038.0
1043.01
1048.02
1053.03
1058.0400000000002
1063.05
1068.06
1073.07
1078.0700000000002
1083.0800000000002
1088.09
1093.1
1098.11
1103.1200000000001
1108.13
1113.1299999999999
1118.1399999999999
1123.15
1128.16
1133.17
1138.18
1143.1899999999998
1148.2
1153.2
1158.21
1163.22
1168.23
1173.24
1178.25
1183.26
1188.26
1193.27
1198.28
1203.29
1208.3
1213.3100000000002
1218.3200000000002
1223.33
1228.33
1233.3400000000001
1238.3500000000001
1243.3600000000001
1248.37
1253.3799999999999
1258.3899999999999
1263.39
1268.3999999999999
1273.4099999999999
1278.4199999999998
1283.43
1288.44
1293.45
1298.46
1303.46
1308.47
1313.48
1318.49
1323.5
1328.51
1333.52
1338.52
1343.53
1348.54
1353.55
1358.56
1363.57
1368.58
1373.5900000000001
1378.59
1383.6
1388.61
1393.6200000000001
1398.63
1403.64
1408.6499999999999
1413.65
1418.66
1423.67
1428.6799999999998
1433.6899999999998
1438.7
1443.71
1448.72
1453.7199999999998
1458.73
1463.74
1468.75
1473.76
1478.77
1483.7800000000002
1488.78
1493.79
1498.8
1503.8100000000002
1508.8200000000002
1513.83
1518.84
1523.85
1528.8500000000001
1533.86
1538.87
1543.8799999999999
1548.89
1553.9
1558.91
1563.9099999999999
1568.92
1573.93
1578.94
1583.95
1588.96
1593.97
1598.98
1603.98
1608.99
1614.0
1619.01
1624.02
1629.03
1634.04
1639.04
1644.05
1649.06
1654.07
1659.0800000000002
1664.0900000000001
1669.1000000000001
1674.11
1679.1100000000001
1684.1200000000001
1689.13
1694.1399999999999
1699.1499999999999
1704.1599999999999
1709.17
1714.17
1719.1799999999998
1724.1899999999998
1729.2
1734.21
1739.22
1744.23
1749.24
1754.24
1759.25
1764.26
1769.27
1774.28
1779.29
1784.3
1789.3
1794.3100000000002
1799.32
1804.33
1809.34
1814.35
1819.3600000000001
1824.3700000000001
1829.37
1834.3799999999999
1839.39
1844.4
1849.41
1854.4199999999998
1859.4299999999998
1864.44
1869.44
1874.45
1879.4599999999998
1884.47
1889.48
1894.49
1899.5
1904.5
1909.51
1914.52
1919.53
1924.54
1929.5500000000002
1934.56
1939.57
1944.57
1949.5800000000002
1954.5900000000001
1959.6
1964.61
1969.62
1974.63
1979.63
1984.6399999999999
1989.6499999999999
1994.66
1999.67
2004.68
2009.69
2014.7
2019.6999999999998
2024.7099999999998
2029.7200000000003
2034.7300000000002
2039.74
2044.75
2049.76
2054.7599999999998
2059.77
2064.7799999999997
2069.79
2074.8
2079.81
2084.82
2089.83
2094.83
2099.84
2104.85
2109.8599999999997
2114.87
2119.88
2124.8900000000003
2129.89
2134.9
2139.91
2144.92
2149.93
2154.94
2159.95
2164.96
2169.96
2174.9700000000003
2179.98
2184.99
2190.0
2195.0099999999998
2200.02
2205.02
2210.03
2215.04
2220.05
2225.06
2230.07
2235.08
2240.0899999999997
2245.0899999999997
2250.1000000000004
2255.11
2260.1200000000003
2265.13
2270.14
2275.15
2280.15
2285.16
2290.1699999999996
2295.1800000000003
2300.19
2305.2000000000003
2310.21
2315.2200000000003
2320.22
2325.23
2330.24
2335.25
2340.2599999999998
2345.27
2350.28
2355.28
2360.29
2365.3
2370.31
2375.3199999999997
2380.33
2385.3399999999997
2390.3500000000004
2395.35
2400.36
2405.37
2410.38
2415.39
2420.4
2425.41
2430.4100000000003
2435.42
2440.4300000000003
2445.44
2450.45
2455.46
2460.47
2465.48
2470.4799999999996
2475.4900000000002
2480.5
2485.51
2490.52
2495.53
2500.54
